{
  "nbformat": 4,
  "nbformat_minor": 2,
  "metadata": {
    "colab": {
      "name": "crypto-correlation.ipynb",
      "provenance": [],
      "collapsed_sections": [],
      "toc_visible": true,
      "authorship_tag": "ABX9TyP67cD1mWKZlPiV6xUwXGjM",
      "include_colab_link": true
    },
    "kernelspec": {
      "name": "python3",
      "display_name": "Python 3.8.10 64-bit ('outliers-vis': conda)"
    },
    "language_info": {
      "name": "python",
      "version": "3.8.10",
      "mimetype": "text/x-python",
      "codemirror_mode": {
        "name": "ipython",
        "version": 3
      },
      "pygments_lexer": "ipython3",
      "nbconvert_exporter": "python",
      "file_extension": ".py"
    },
    "interpreter": {
      "hash": "808a8372834b67617ce0966436b3a19f2fb1ba0173aa6588578e85d93edfdc4a"
    }
  },
  "cells": [
    {
      "cell_type": "markdown",
      "source": [
        "<a href=\"https://colab.research.google.com/github/codingFerryman/crypto_market_hierarchy_structure/blob/main/src/crypto_correlation.ipynb\" target=\"_parent\"><img src=\"https://colab.research.google.com/assets/colab-badge.svg\" alt=\"Open In Colab\"/></a>"
      ],
      "metadata": {
        "id": "view-in-github",
        "colab_type": "text"
      }
    },
    {
      "cell_type": "code",
      "execution_count": 51,
      "source": [
        "import pandas as pd\n",
        "import numpy as np\n",
        "from scipy.signal import correlate\n",
        "from scipy.stats import spearmanr\n",
        "from scipy.stats import pearsonr\n",
        "import glob\n",
        "import os\n",
        "from pathlib import Path\n",
        "from utils import check_integrity, datestring_to_timestamp, load_data"
      ],
      "outputs": [],
      "metadata": {
        "id": "8TmScvJBJV_8"
      }
    },
    {
      "cell_type": "markdown",
      "source": [
        "###Preprocessing and Load data\n",
        "\n",
        "+ Preprocessing missing value\n",
        "\n",
        "+ Load data\n",
        "\n",
        "+ Build up list of original data vectors\n",
        "\n",
        "+ Get the name list of cryptocurrency"
      ],
      "metadata": {
        "id": "mSk3bjnnRdyc"
      }
    },
    {
      "cell_type": "markdown",
      "source": [
        "#### Load data, Build up list of original data vectors, Get the name list of cryptocurrency"
      ],
      "metadata": {
        "id": "g2wBILc9yN66"
      }
    },
    {
      "cell_type": "code",
      "execution_count": null,
      "source": [
        "# Get file paths\n",
        "def get_file_path(folder_path):\n",
        "  paths = glob.glob(os.path.join(folder_path, \"*\"))\n",
        "  paths = sorted(paths)\n",
        "  return paths"
      ],
      "outputs": [],
      "metadata": {
        "id": "CsA8hxeOWn32"
      }
    },
    {
      "cell_type": "code",
      "execution_count": 59,
      "source": [
        "# create the list of crytocurrencies price records, \n",
        "# each item means the list of original price vectors of each cryptocurrency\n",
        "# each vector contains all the close prices of per day / per week (determing with time scale)\n",
        "def get_interval(timescale):\n",
        "  if timescale == '3h':\n",
        "    return 8\n",
        "  if timescale == '30m':\n",
        "    return 1\n",
        "\n",
        "def build_data_list(paths, timescale):\n",
        "  interval = get_interval(timescale)\n",
        "  \n",
        "  data_list = []\n",
        "  name_list = []\n",
        "  \n",
        "  for i in range(0, len(paths)):\n",
        "    idx = 0\n",
        "    shift_idx = interval - 1\n",
        "    cryptocurrency_price_list = []\n",
        "    \n",
        "    cryptocurrency_df = load_data(start_from_timestamp, end_before_timestamp, paths[i], fill_na=True)\n",
        "    \n",
        "    #record the name of crytocurrency\n",
        "\n",
        "    name_list.append(cryptocurrency_df.index[0][1])\n",
        "\n",
        "    #discard other columns except close price\n",
        "    close_price_df = cryptocurrency_df[\"close\"]\n",
        "    #print(close_price_df.head(10))\n",
        "  \n",
        "    while shift_idx <= len(close_price_df):\n",
        "      vector = close_price_df.iloc[idx:shift_idx + 1]\n",
        "      #print(vector)\n",
        "      #Calculate the price ratio of changing\n",
        "      vector = vector.to_frame()\n",
        "      vector = vector.pct_change().fillna(0)\n",
        "\n",
        "      cryptocurrency_price_list.append(np.asarray(vector))\n",
        "      idx += interval\n",
        "      shift_idx += interval\n",
        "\n",
        "    #print(len(cryptocurrency_price_list))\n",
        "    data_list.append(cryptocurrency_price_list)  \n",
        "\n",
        "  return data_list, name_list\n"
      ],
      "outputs": [],
      "metadata": {
        "colab": {
          "base_uri": "https://localhost:8080/"
        },
        "id": "EcpkPGeJVWX2",
        "outputId": "a2f6982f-0629-4884-8c8d-49570610b755"
      }
    },
    {
      "cell_type": "markdown",
      "source": [
        "###Define functions to calculate correlation matrix\n",
        "\n",
        "+ Pearson correlation coefficient\n",
        "+ Spearman rank-order correlation coefficient"
      ],
      "metadata": {
        "id": "ZkjsPAbgJqjr"
      }
    },
    {
      "cell_type": "code",
      "execution_count": 53,
      "source": [
        "# Calculate correlation matrix - Pearson correlation coefficient\n",
        "def cm_pearson(x, y):\n",
        "  pccs = pearsonr(x,y)\n",
        "  return pccs[0]\n",
        "\n",
        "# Calculate correlation matrix - Spearman rank-order correlation coefficient\n",
        "def cm_spearman(x, y):\n",
        "  sccs = spearmanr(x, y)\n",
        "  return sccs[0]"
      ],
      "outputs": [],
      "metadata": {
        "id": "ZQb_OyUPKfr_"
      }
    },
    {
      "cell_type": "markdown",
      "source": [
        "###Calculate Correlation matrix"
      ],
      "metadata": {
        "id": "iENAom8cykgc"
      }
    },
    {
      "cell_type": "code",
      "execution_count": 68,
      "source": [
        "def calculate_cm(data_list, func):\n",
        "    N = len(data_list)\n",
        "    cm_res_list = []\n",
        "    cm_res = np.zeros((N,N))\n",
        "    for day in range(0, len(data_list[0])):\n",
        "      for i in range(N):\n",
        "        for j in range(N):\n",
        "          data_list[i][day] = data_list[i][day].squeeze()\n",
        "          data_list[j][day] = data_list[j][day].squeeze()\n",
        "          res = func(data_list[i][day], data_list[j][day]) \n",
        "          cm_res[i,j] = res\n",
        "      \n",
        "      cm_res_list.append(cm_res)\n",
        "    \n",
        "    return cm_res_list"
      ],
      "outputs": [],
      "metadata": {
        "id": "NyHulFW5yqZ2"
      }
    },
    {
      "cell_type": "code",
      "execution_count": 70,
      "source": [
        "# test code\n",
        "\n",
        "data_path = \"../data\"\n",
        "start_from = \"2021-04-12\"\n",
        "end_before = \"2021-06-15\"\n",
        "interval = \"3h\"\n",
        "\n",
        "start_from_timestamp = datestring_to_timestamp(start_from)\n",
        "end_before_timestamp = datestring_to_timestamp(end_before)\n",
        "data_3h_path_list = list(Path(data_path, interval).iterdir())\n",
        "\n",
        "coins_1D_pass = []\n",
        "for file_path in data_3h_path_list:\n",
        "    _coin_code = file_path.name.split(\"_\")[0]\n",
        "    if check_integrity(start_from, end_before, file_path) is not None:\n",
        "        coins_1D_pass.append(file_path)\n",
        "\n",
        "#print(len(coins_1D_pass))\n",
        "# load csv and build list\n",
        "crypto_data_list, name_list = build_data_list(coins_1D_pass, '3h')\n",
        "\n",
        "# calculate correlation matrix\n",
        "\n",
        "correlation_matrix_pearson = calculate_cm(crypto_data_list, cm_pearson)\n",
        "#print(len(crypto_data_list))\n",
        "#print(len(crypto_data_list[0]))\n",
        "print(len(correlation_matrix_pearson))\n",
        "print(correlation_matrix_pearson)"
      ],
      "outputs": [
        {
          "output_type": "stream",
          "name": "stdout",
          "text": [
            "64\n",
            "[array([[ 1.        ,  0.72191111,  0.67501888, ...,  0.39107018,\n",
            "         0.09529164,  0.94013164],\n",
            "       [ 0.72191111,  1.        ,  0.75500237, ...,  0.5118613 ,\n",
            "         0.52936746,  0.85134086],\n",
            "       [ 0.67501888,  0.75500237,  1.        , ...,  0.61916045,\n",
            "         0.33137815,  0.70360944],\n",
            "       ...,\n",
            "       [ 0.39107018,  0.5118613 ,  0.61916045, ...,  1.        ,\n",
            "        -0.15858355,  0.32194608],\n",
            "       [ 0.09529164,  0.52936746,  0.33137815, ..., -0.15858355,\n",
            "         1.        ,  0.41416047],\n",
            "       [ 0.94013164,  0.85134086,  0.70360944, ...,  0.32194608,\n",
            "         0.41416047,  1.        ]]), array([[ 1.        ,  0.72191111,  0.67501888, ...,  0.39107018,\n",
            "         0.09529164,  0.94013164],\n",
            "       [ 0.72191111,  1.        ,  0.75500237, ...,  0.5118613 ,\n",
            "         0.52936746,  0.85134086],\n",
            "       [ 0.67501888,  0.75500237,  1.        , ...,  0.61916045,\n",
            "         0.33137815,  0.70360944],\n",
            "       ...,\n",
            "       [ 0.39107018,  0.5118613 ,  0.61916045, ...,  1.        ,\n",
            "        -0.15858355,  0.32194608],\n",
            "       [ 0.09529164,  0.52936746,  0.33137815, ..., -0.15858355,\n",
            "         1.        ,  0.41416047],\n",
            "       [ 0.94013164,  0.85134086,  0.70360944, ...,  0.32194608,\n",
            "         0.41416047,  1.        ]]), array([[ 1.        ,  0.72191111,  0.67501888, ...,  0.39107018,\n",
            "         0.09529164,  0.94013164],\n",
            "       [ 0.72191111,  1.        ,  0.75500237, ...,  0.5118613 ,\n",
            "         0.52936746,  0.85134086],\n",
            "       [ 0.67501888,  0.75500237,  1.        , ...,  0.61916045,\n",
            "         0.33137815,  0.70360944],\n",
            "       ...,\n",
            "       [ 0.39107018,  0.5118613 ,  0.61916045, ...,  1.        ,\n",
            "        -0.15858355,  0.32194608],\n",
            "       [ 0.09529164,  0.52936746,  0.33137815, ..., -0.15858355,\n",
            "         1.        ,  0.41416047],\n",
            "       [ 0.94013164,  0.85134086,  0.70360944, ...,  0.32194608,\n",
            "         0.41416047,  1.        ]]), array([[ 1.        ,  0.72191111,  0.67501888, ...,  0.39107018,\n",
            "         0.09529164,  0.94013164],\n",
            "       [ 0.72191111,  1.        ,  0.75500237, ...,  0.5118613 ,\n",
            "         0.52936746,  0.85134086],\n",
            "       [ 0.67501888,  0.75500237,  1.        , ...,  0.61916045,\n",
            "         0.33137815,  0.70360944],\n",
            "       ...,\n",
            "       [ 0.39107018,  0.5118613 ,  0.61916045, ...,  1.        ,\n",
            "        -0.15858355,  0.32194608],\n",
            "       [ 0.09529164,  0.52936746,  0.33137815, ..., -0.15858355,\n",
            "         1.        ,  0.41416047],\n",
            "       [ 0.94013164,  0.85134086,  0.70360944, ...,  0.32194608,\n",
            "         0.41416047,  1.        ]]), array([[ 1.        ,  0.72191111,  0.67501888, ...,  0.39107018,\n",
            "         0.09529164,  0.94013164],\n",
            "       [ 0.72191111,  1.        ,  0.75500237, ...,  0.5118613 ,\n",
            "         0.52936746,  0.85134086],\n",
            "       [ 0.67501888,  0.75500237,  1.        , ...,  0.61916045,\n",
            "         0.33137815,  0.70360944],\n",
            "       ...,\n",
            "       [ 0.39107018,  0.5118613 ,  0.61916045, ...,  1.        ,\n",
            "        -0.15858355,  0.32194608],\n",
            "       [ 0.09529164,  0.52936746,  0.33137815, ..., -0.15858355,\n",
            "         1.        ,  0.41416047],\n",
            "       [ 0.94013164,  0.85134086,  0.70360944, ...,  0.32194608,\n",
            "         0.41416047,  1.        ]]), array([[ 1.        ,  0.72191111,  0.67501888, ...,  0.39107018,\n",
            "         0.09529164,  0.94013164],\n",
            "       [ 0.72191111,  1.        ,  0.75500237, ...,  0.5118613 ,\n",
            "         0.52936746,  0.85134086],\n",
            "       [ 0.67501888,  0.75500237,  1.        , ...,  0.61916045,\n",
            "         0.33137815,  0.70360944],\n",
            "       ...,\n",
            "       [ 0.39107018,  0.5118613 ,  0.61916045, ...,  1.        ,\n",
            "        -0.15858355,  0.32194608],\n",
            "       [ 0.09529164,  0.52936746,  0.33137815, ..., -0.15858355,\n",
            "         1.        ,  0.41416047],\n",
            "       [ 0.94013164,  0.85134086,  0.70360944, ...,  0.32194608,\n",
            "         0.41416047,  1.        ]]), array([[ 1.        ,  0.72191111,  0.67501888, ...,  0.39107018,\n",
            "         0.09529164,  0.94013164],\n",
            "       [ 0.72191111,  1.        ,  0.75500237, ...,  0.5118613 ,\n",
            "         0.52936746,  0.85134086],\n",
            "       [ 0.67501888,  0.75500237,  1.        , ...,  0.61916045,\n",
            "         0.33137815,  0.70360944],\n",
            "       ...,\n",
            "       [ 0.39107018,  0.5118613 ,  0.61916045, ...,  1.        ,\n",
            "        -0.15858355,  0.32194608],\n",
            "       [ 0.09529164,  0.52936746,  0.33137815, ..., -0.15858355,\n",
            "         1.        ,  0.41416047],\n",
            "       [ 0.94013164,  0.85134086,  0.70360944, ...,  0.32194608,\n",
            "         0.41416047,  1.        ]]), array([[ 1.        ,  0.72191111,  0.67501888, ...,  0.39107018,\n",
            "         0.09529164,  0.94013164],\n",
            "       [ 0.72191111,  1.        ,  0.75500237, ...,  0.5118613 ,\n",
            "         0.52936746,  0.85134086],\n",
            "       [ 0.67501888,  0.75500237,  1.        , ...,  0.61916045,\n",
            "         0.33137815,  0.70360944],\n",
            "       ...,\n",
            "       [ 0.39107018,  0.5118613 ,  0.61916045, ...,  1.        ,\n",
            "        -0.15858355,  0.32194608],\n",
            "       [ 0.09529164,  0.52936746,  0.33137815, ..., -0.15858355,\n",
            "         1.        ,  0.41416047],\n",
            "       [ 0.94013164,  0.85134086,  0.70360944, ...,  0.32194608,\n",
            "         0.41416047,  1.        ]]), array([[ 1.        ,  0.72191111,  0.67501888, ...,  0.39107018,\n",
            "         0.09529164,  0.94013164],\n",
            "       [ 0.72191111,  1.        ,  0.75500237, ...,  0.5118613 ,\n",
            "         0.52936746,  0.85134086],\n",
            "       [ 0.67501888,  0.75500237,  1.        , ...,  0.61916045,\n",
            "         0.33137815,  0.70360944],\n",
            "       ...,\n",
            "       [ 0.39107018,  0.5118613 ,  0.61916045, ...,  1.        ,\n",
            "        -0.15858355,  0.32194608],\n",
            "       [ 0.09529164,  0.52936746,  0.33137815, ..., -0.15858355,\n",
            "         1.        ,  0.41416047],\n",
            "       [ 0.94013164,  0.85134086,  0.70360944, ...,  0.32194608,\n",
            "         0.41416047,  1.        ]]), array([[ 1.        ,  0.72191111,  0.67501888, ...,  0.39107018,\n",
            "         0.09529164,  0.94013164],\n",
            "       [ 0.72191111,  1.        ,  0.75500237, ...,  0.5118613 ,\n",
            "         0.52936746,  0.85134086],\n",
            "       [ 0.67501888,  0.75500237,  1.        , ...,  0.61916045,\n",
            "         0.33137815,  0.70360944],\n",
            "       ...,\n",
            "       [ 0.39107018,  0.5118613 ,  0.61916045, ...,  1.        ,\n",
            "        -0.15858355,  0.32194608],\n",
            "       [ 0.09529164,  0.52936746,  0.33137815, ..., -0.15858355,\n",
            "         1.        ,  0.41416047],\n",
            "       [ 0.94013164,  0.85134086,  0.70360944, ...,  0.32194608,\n",
            "         0.41416047,  1.        ]]), array([[ 1.        ,  0.72191111,  0.67501888, ...,  0.39107018,\n",
            "         0.09529164,  0.94013164],\n",
            "       [ 0.72191111,  1.        ,  0.75500237, ...,  0.5118613 ,\n",
            "         0.52936746,  0.85134086],\n",
            "       [ 0.67501888,  0.75500237,  1.        , ...,  0.61916045,\n",
            "         0.33137815,  0.70360944],\n",
            "       ...,\n",
            "       [ 0.39107018,  0.5118613 ,  0.61916045, ...,  1.        ,\n",
            "        -0.15858355,  0.32194608],\n",
            "       [ 0.09529164,  0.52936746,  0.33137815, ..., -0.15858355,\n",
            "         1.        ,  0.41416047],\n",
            "       [ 0.94013164,  0.85134086,  0.70360944, ...,  0.32194608,\n",
            "         0.41416047,  1.        ]]), array([[ 1.        ,  0.72191111,  0.67501888, ...,  0.39107018,\n",
            "         0.09529164,  0.94013164],\n",
            "       [ 0.72191111,  1.        ,  0.75500237, ...,  0.5118613 ,\n",
            "         0.52936746,  0.85134086],\n",
            "       [ 0.67501888,  0.75500237,  1.        , ...,  0.61916045,\n",
            "         0.33137815,  0.70360944],\n",
            "       ...,\n",
            "       [ 0.39107018,  0.5118613 ,  0.61916045, ...,  1.        ,\n",
            "        -0.15858355,  0.32194608],\n",
            "       [ 0.09529164,  0.52936746,  0.33137815, ..., -0.15858355,\n",
            "         1.        ,  0.41416047],\n",
            "       [ 0.94013164,  0.85134086,  0.70360944, ...,  0.32194608,\n",
            "         0.41416047,  1.        ]]), array([[ 1.        ,  0.72191111,  0.67501888, ...,  0.39107018,\n",
            "         0.09529164,  0.94013164],\n",
            "       [ 0.72191111,  1.        ,  0.75500237, ...,  0.5118613 ,\n",
            "         0.52936746,  0.85134086],\n",
            "       [ 0.67501888,  0.75500237,  1.        , ...,  0.61916045,\n",
            "         0.33137815,  0.70360944],\n",
            "       ...,\n",
            "       [ 0.39107018,  0.5118613 ,  0.61916045, ...,  1.        ,\n",
            "        -0.15858355,  0.32194608],\n",
            "       [ 0.09529164,  0.52936746,  0.33137815, ..., -0.15858355,\n",
            "         1.        ,  0.41416047],\n",
            "       [ 0.94013164,  0.85134086,  0.70360944, ...,  0.32194608,\n",
            "         0.41416047,  1.        ]]), array([[ 1.        ,  0.72191111,  0.67501888, ...,  0.39107018,\n",
            "         0.09529164,  0.94013164],\n",
            "       [ 0.72191111,  1.        ,  0.75500237, ...,  0.5118613 ,\n",
            "         0.52936746,  0.85134086],\n",
            "       [ 0.67501888,  0.75500237,  1.        , ...,  0.61916045,\n",
            "         0.33137815,  0.70360944],\n",
            "       ...,\n",
            "       [ 0.39107018,  0.5118613 ,  0.61916045, ...,  1.        ,\n",
            "        -0.15858355,  0.32194608],\n",
            "       [ 0.09529164,  0.52936746,  0.33137815, ..., -0.15858355,\n",
            "         1.        ,  0.41416047],\n",
            "       [ 0.94013164,  0.85134086,  0.70360944, ...,  0.32194608,\n",
            "         0.41416047,  1.        ]]), array([[ 1.        ,  0.72191111,  0.67501888, ...,  0.39107018,\n",
            "         0.09529164,  0.94013164],\n",
            "       [ 0.72191111,  1.        ,  0.75500237, ...,  0.5118613 ,\n",
            "         0.52936746,  0.85134086],\n",
            "       [ 0.67501888,  0.75500237,  1.        , ...,  0.61916045,\n",
            "         0.33137815,  0.70360944],\n",
            "       ...,\n",
            "       [ 0.39107018,  0.5118613 ,  0.61916045, ...,  1.        ,\n",
            "        -0.15858355,  0.32194608],\n",
            "       [ 0.09529164,  0.52936746,  0.33137815, ..., -0.15858355,\n",
            "         1.        ,  0.41416047],\n",
            "       [ 0.94013164,  0.85134086,  0.70360944, ...,  0.32194608,\n",
            "         0.41416047,  1.        ]]), array([[ 1.        ,  0.72191111,  0.67501888, ...,  0.39107018,\n",
            "         0.09529164,  0.94013164],\n",
            "       [ 0.72191111,  1.        ,  0.75500237, ...,  0.5118613 ,\n",
            "         0.52936746,  0.85134086],\n",
            "       [ 0.67501888,  0.75500237,  1.        , ...,  0.61916045,\n",
            "         0.33137815,  0.70360944],\n",
            "       ...,\n",
            "       [ 0.39107018,  0.5118613 ,  0.61916045, ...,  1.        ,\n",
            "        -0.15858355,  0.32194608],\n",
            "       [ 0.09529164,  0.52936746,  0.33137815, ..., -0.15858355,\n",
            "         1.        ,  0.41416047],\n",
            "       [ 0.94013164,  0.85134086,  0.70360944, ...,  0.32194608,\n",
            "         0.41416047,  1.        ]]), array([[ 1.        ,  0.72191111,  0.67501888, ...,  0.39107018,\n",
            "         0.09529164,  0.94013164],\n",
            "       [ 0.72191111,  1.        ,  0.75500237, ...,  0.5118613 ,\n",
            "         0.52936746,  0.85134086],\n",
            "       [ 0.67501888,  0.75500237,  1.        , ...,  0.61916045,\n",
            "         0.33137815,  0.70360944],\n",
            "       ...,\n",
            "       [ 0.39107018,  0.5118613 ,  0.61916045, ...,  1.        ,\n",
            "        -0.15858355,  0.32194608],\n",
            "       [ 0.09529164,  0.52936746,  0.33137815, ..., -0.15858355,\n",
            "         1.        ,  0.41416047],\n",
            "       [ 0.94013164,  0.85134086,  0.70360944, ...,  0.32194608,\n",
            "         0.41416047,  1.        ]]), array([[ 1.        ,  0.72191111,  0.67501888, ...,  0.39107018,\n",
            "         0.09529164,  0.94013164],\n",
            "       [ 0.72191111,  1.        ,  0.75500237, ...,  0.5118613 ,\n",
            "         0.52936746,  0.85134086],\n",
            "       [ 0.67501888,  0.75500237,  1.        , ...,  0.61916045,\n",
            "         0.33137815,  0.70360944],\n",
            "       ...,\n",
            "       [ 0.39107018,  0.5118613 ,  0.61916045, ...,  1.        ,\n",
            "        -0.15858355,  0.32194608],\n",
            "       [ 0.09529164,  0.52936746,  0.33137815, ..., -0.15858355,\n",
            "         1.        ,  0.41416047],\n",
            "       [ 0.94013164,  0.85134086,  0.70360944, ...,  0.32194608,\n",
            "         0.41416047,  1.        ]]), array([[ 1.        ,  0.72191111,  0.67501888, ...,  0.39107018,\n",
            "         0.09529164,  0.94013164],\n",
            "       [ 0.72191111,  1.        ,  0.75500237, ...,  0.5118613 ,\n",
            "         0.52936746,  0.85134086],\n",
            "       [ 0.67501888,  0.75500237,  1.        , ...,  0.61916045,\n",
            "         0.33137815,  0.70360944],\n",
            "       ...,\n",
            "       [ 0.39107018,  0.5118613 ,  0.61916045, ...,  1.        ,\n",
            "        -0.15858355,  0.32194608],\n",
            "       [ 0.09529164,  0.52936746,  0.33137815, ..., -0.15858355,\n",
            "         1.        ,  0.41416047],\n",
            "       [ 0.94013164,  0.85134086,  0.70360944, ...,  0.32194608,\n",
            "         0.41416047,  1.        ]]), array([[ 1.        ,  0.72191111,  0.67501888, ...,  0.39107018,\n",
            "         0.09529164,  0.94013164],\n",
            "       [ 0.72191111,  1.        ,  0.75500237, ...,  0.5118613 ,\n",
            "         0.52936746,  0.85134086],\n",
            "       [ 0.67501888,  0.75500237,  1.        , ...,  0.61916045,\n",
            "         0.33137815,  0.70360944],\n",
            "       ...,\n",
            "       [ 0.39107018,  0.5118613 ,  0.61916045, ...,  1.        ,\n",
            "        -0.15858355,  0.32194608],\n",
            "       [ 0.09529164,  0.52936746,  0.33137815, ..., -0.15858355,\n",
            "         1.        ,  0.41416047],\n",
            "       [ 0.94013164,  0.85134086,  0.70360944, ...,  0.32194608,\n",
            "         0.41416047,  1.        ]]), array([[ 1.        ,  0.72191111,  0.67501888, ...,  0.39107018,\n",
            "         0.09529164,  0.94013164],\n",
            "       [ 0.72191111,  1.        ,  0.75500237, ...,  0.5118613 ,\n",
            "         0.52936746,  0.85134086],\n",
            "       [ 0.67501888,  0.75500237,  1.        , ...,  0.61916045,\n",
            "         0.33137815,  0.70360944],\n",
            "       ...,\n",
            "       [ 0.39107018,  0.5118613 ,  0.61916045, ...,  1.        ,\n",
            "        -0.15858355,  0.32194608],\n",
            "       [ 0.09529164,  0.52936746,  0.33137815, ..., -0.15858355,\n",
            "         1.        ,  0.41416047],\n",
            "       [ 0.94013164,  0.85134086,  0.70360944, ...,  0.32194608,\n",
            "         0.41416047,  1.        ]]), array([[ 1.        ,  0.72191111,  0.67501888, ...,  0.39107018,\n",
            "         0.09529164,  0.94013164],\n",
            "       [ 0.72191111,  1.        ,  0.75500237, ...,  0.5118613 ,\n",
            "         0.52936746,  0.85134086],\n",
            "       [ 0.67501888,  0.75500237,  1.        , ...,  0.61916045,\n",
            "         0.33137815,  0.70360944],\n",
            "       ...,\n",
            "       [ 0.39107018,  0.5118613 ,  0.61916045, ...,  1.        ,\n",
            "        -0.15858355,  0.32194608],\n",
            "       [ 0.09529164,  0.52936746,  0.33137815, ..., -0.15858355,\n",
            "         1.        ,  0.41416047],\n",
            "       [ 0.94013164,  0.85134086,  0.70360944, ...,  0.32194608,\n",
            "         0.41416047,  1.        ]]), array([[ 1.        ,  0.72191111,  0.67501888, ...,  0.39107018,\n",
            "         0.09529164,  0.94013164],\n",
            "       [ 0.72191111,  1.        ,  0.75500237, ...,  0.5118613 ,\n",
            "         0.52936746,  0.85134086],\n",
            "       [ 0.67501888,  0.75500237,  1.        , ...,  0.61916045,\n",
            "         0.33137815,  0.70360944],\n",
            "       ...,\n",
            "       [ 0.39107018,  0.5118613 ,  0.61916045, ...,  1.        ,\n",
            "        -0.15858355,  0.32194608],\n",
            "       [ 0.09529164,  0.52936746,  0.33137815, ..., -0.15858355,\n",
            "         1.        ,  0.41416047],\n",
            "       [ 0.94013164,  0.85134086,  0.70360944, ...,  0.32194608,\n",
            "         0.41416047,  1.        ]]), array([[ 1.        ,  0.72191111,  0.67501888, ...,  0.39107018,\n",
            "         0.09529164,  0.94013164],\n",
            "       [ 0.72191111,  1.        ,  0.75500237, ...,  0.5118613 ,\n",
            "         0.52936746,  0.85134086],\n",
            "       [ 0.67501888,  0.75500237,  1.        , ...,  0.61916045,\n",
            "         0.33137815,  0.70360944],\n",
            "       ...,\n",
            "       [ 0.39107018,  0.5118613 ,  0.61916045, ...,  1.        ,\n",
            "        -0.15858355,  0.32194608],\n",
            "       [ 0.09529164,  0.52936746,  0.33137815, ..., -0.15858355,\n",
            "         1.        ,  0.41416047],\n",
            "       [ 0.94013164,  0.85134086,  0.70360944, ...,  0.32194608,\n",
            "         0.41416047,  1.        ]]), array([[ 1.        ,  0.72191111,  0.67501888, ...,  0.39107018,\n",
            "         0.09529164,  0.94013164],\n",
            "       [ 0.72191111,  1.        ,  0.75500237, ...,  0.5118613 ,\n",
            "         0.52936746,  0.85134086],\n",
            "       [ 0.67501888,  0.75500237,  1.        , ...,  0.61916045,\n",
            "         0.33137815,  0.70360944],\n",
            "       ...,\n",
            "       [ 0.39107018,  0.5118613 ,  0.61916045, ...,  1.        ,\n",
            "        -0.15858355,  0.32194608],\n",
            "       [ 0.09529164,  0.52936746,  0.33137815, ..., -0.15858355,\n",
            "         1.        ,  0.41416047],\n",
            "       [ 0.94013164,  0.85134086,  0.70360944, ...,  0.32194608,\n",
            "         0.41416047,  1.        ]]), array([[ 1.        ,  0.72191111,  0.67501888, ...,  0.39107018,\n",
            "         0.09529164,  0.94013164],\n",
            "       [ 0.72191111,  1.        ,  0.75500237, ...,  0.5118613 ,\n",
            "         0.52936746,  0.85134086],\n",
            "       [ 0.67501888,  0.75500237,  1.        , ...,  0.61916045,\n",
            "         0.33137815,  0.70360944],\n",
            "       ...,\n",
            "       [ 0.39107018,  0.5118613 ,  0.61916045, ...,  1.        ,\n",
            "        -0.15858355,  0.32194608],\n",
            "       [ 0.09529164,  0.52936746,  0.33137815, ..., -0.15858355,\n",
            "         1.        ,  0.41416047],\n",
            "       [ 0.94013164,  0.85134086,  0.70360944, ...,  0.32194608,\n",
            "         0.41416047,  1.        ]]), array([[ 1.        ,  0.72191111,  0.67501888, ...,  0.39107018,\n",
            "         0.09529164,  0.94013164],\n",
            "       [ 0.72191111,  1.        ,  0.75500237, ...,  0.5118613 ,\n",
            "         0.52936746,  0.85134086],\n",
            "       [ 0.67501888,  0.75500237,  1.        , ...,  0.61916045,\n",
            "         0.33137815,  0.70360944],\n",
            "       ...,\n",
            "       [ 0.39107018,  0.5118613 ,  0.61916045, ...,  1.        ,\n",
            "        -0.15858355,  0.32194608],\n",
            "       [ 0.09529164,  0.52936746,  0.33137815, ..., -0.15858355,\n",
            "         1.        ,  0.41416047],\n",
            "       [ 0.94013164,  0.85134086,  0.70360944, ...,  0.32194608,\n",
            "         0.41416047,  1.        ]]), array([[ 1.        ,  0.72191111,  0.67501888, ...,  0.39107018,\n",
            "         0.09529164,  0.94013164],\n",
            "       [ 0.72191111,  1.        ,  0.75500237, ...,  0.5118613 ,\n",
            "         0.52936746,  0.85134086],\n",
            "       [ 0.67501888,  0.75500237,  1.        , ...,  0.61916045,\n",
            "         0.33137815,  0.70360944],\n",
            "       ...,\n",
            "       [ 0.39107018,  0.5118613 ,  0.61916045, ...,  1.        ,\n",
            "        -0.15858355,  0.32194608],\n",
            "       [ 0.09529164,  0.52936746,  0.33137815, ..., -0.15858355,\n",
            "         1.        ,  0.41416047],\n",
            "       [ 0.94013164,  0.85134086,  0.70360944, ...,  0.32194608,\n",
            "         0.41416047,  1.        ]]), array([[ 1.        ,  0.72191111,  0.67501888, ...,  0.39107018,\n",
            "         0.09529164,  0.94013164],\n",
            "       [ 0.72191111,  1.        ,  0.75500237, ...,  0.5118613 ,\n",
            "         0.52936746,  0.85134086],\n",
            "       [ 0.67501888,  0.75500237,  1.        , ...,  0.61916045,\n",
            "         0.33137815,  0.70360944],\n",
            "       ...,\n",
            "       [ 0.39107018,  0.5118613 ,  0.61916045, ...,  1.        ,\n",
            "        -0.15858355,  0.32194608],\n",
            "       [ 0.09529164,  0.52936746,  0.33137815, ..., -0.15858355,\n",
            "         1.        ,  0.41416047],\n",
            "       [ 0.94013164,  0.85134086,  0.70360944, ...,  0.32194608,\n",
            "         0.41416047,  1.        ]]), array([[ 1.        ,  0.72191111,  0.67501888, ...,  0.39107018,\n",
            "         0.09529164,  0.94013164],\n",
            "       [ 0.72191111,  1.        ,  0.75500237, ...,  0.5118613 ,\n",
            "         0.52936746,  0.85134086],\n",
            "       [ 0.67501888,  0.75500237,  1.        , ...,  0.61916045,\n",
            "         0.33137815,  0.70360944],\n",
            "       ...,\n",
            "       [ 0.39107018,  0.5118613 ,  0.61916045, ...,  1.        ,\n",
            "        -0.15858355,  0.32194608],\n",
            "       [ 0.09529164,  0.52936746,  0.33137815, ..., -0.15858355,\n",
            "         1.        ,  0.41416047],\n",
            "       [ 0.94013164,  0.85134086,  0.70360944, ...,  0.32194608,\n",
            "         0.41416047,  1.        ]]), array([[ 1.        ,  0.72191111,  0.67501888, ...,  0.39107018,\n",
            "         0.09529164,  0.94013164],\n",
            "       [ 0.72191111,  1.        ,  0.75500237, ...,  0.5118613 ,\n",
            "         0.52936746,  0.85134086],\n",
            "       [ 0.67501888,  0.75500237,  1.        , ...,  0.61916045,\n",
            "         0.33137815,  0.70360944],\n",
            "       ...,\n",
            "       [ 0.39107018,  0.5118613 ,  0.61916045, ...,  1.        ,\n",
            "        -0.15858355,  0.32194608],\n",
            "       [ 0.09529164,  0.52936746,  0.33137815, ..., -0.15858355,\n",
            "         1.        ,  0.41416047],\n",
            "       [ 0.94013164,  0.85134086,  0.70360944, ...,  0.32194608,\n",
            "         0.41416047,  1.        ]]), array([[ 1.        ,  0.72191111,  0.67501888, ...,  0.39107018,\n",
            "         0.09529164,  0.94013164],\n",
            "       [ 0.72191111,  1.        ,  0.75500237, ...,  0.5118613 ,\n",
            "         0.52936746,  0.85134086],\n",
            "       [ 0.67501888,  0.75500237,  1.        , ...,  0.61916045,\n",
            "         0.33137815,  0.70360944],\n",
            "       ...,\n",
            "       [ 0.39107018,  0.5118613 ,  0.61916045, ...,  1.        ,\n",
            "        -0.15858355,  0.32194608],\n",
            "       [ 0.09529164,  0.52936746,  0.33137815, ..., -0.15858355,\n",
            "         1.        ,  0.41416047],\n",
            "       [ 0.94013164,  0.85134086,  0.70360944, ...,  0.32194608,\n",
            "         0.41416047,  1.        ]]), array([[ 1.        ,  0.72191111,  0.67501888, ...,  0.39107018,\n",
            "         0.09529164,  0.94013164],\n",
            "       [ 0.72191111,  1.        ,  0.75500237, ...,  0.5118613 ,\n",
            "         0.52936746,  0.85134086],\n",
            "       [ 0.67501888,  0.75500237,  1.        , ...,  0.61916045,\n",
            "         0.33137815,  0.70360944],\n",
            "       ...,\n",
            "       [ 0.39107018,  0.5118613 ,  0.61916045, ...,  1.        ,\n",
            "        -0.15858355,  0.32194608],\n",
            "       [ 0.09529164,  0.52936746,  0.33137815, ..., -0.15858355,\n",
            "         1.        ,  0.41416047],\n",
            "       [ 0.94013164,  0.85134086,  0.70360944, ...,  0.32194608,\n",
            "         0.41416047,  1.        ]]), array([[ 1.        ,  0.72191111,  0.67501888, ...,  0.39107018,\n",
            "         0.09529164,  0.94013164],\n",
            "       [ 0.72191111,  1.        ,  0.75500237, ...,  0.5118613 ,\n",
            "         0.52936746,  0.85134086],\n",
            "       [ 0.67501888,  0.75500237,  1.        , ...,  0.61916045,\n",
            "         0.33137815,  0.70360944],\n",
            "       ...,\n",
            "       [ 0.39107018,  0.5118613 ,  0.61916045, ...,  1.        ,\n",
            "        -0.15858355,  0.32194608],\n",
            "       [ 0.09529164,  0.52936746,  0.33137815, ..., -0.15858355,\n",
            "         1.        ,  0.41416047],\n",
            "       [ 0.94013164,  0.85134086,  0.70360944, ...,  0.32194608,\n",
            "         0.41416047,  1.        ]]), array([[ 1.        ,  0.72191111,  0.67501888, ...,  0.39107018,\n",
            "         0.09529164,  0.94013164],\n",
            "       [ 0.72191111,  1.        ,  0.75500237, ...,  0.5118613 ,\n",
            "         0.52936746,  0.85134086],\n",
            "       [ 0.67501888,  0.75500237,  1.        , ...,  0.61916045,\n",
            "         0.33137815,  0.70360944],\n",
            "       ...,\n",
            "       [ 0.39107018,  0.5118613 ,  0.61916045, ...,  1.        ,\n",
            "        -0.15858355,  0.32194608],\n",
            "       [ 0.09529164,  0.52936746,  0.33137815, ..., -0.15858355,\n",
            "         1.        ,  0.41416047],\n",
            "       [ 0.94013164,  0.85134086,  0.70360944, ...,  0.32194608,\n",
            "         0.41416047,  1.        ]]), array([[ 1.        ,  0.72191111,  0.67501888, ...,  0.39107018,\n",
            "         0.09529164,  0.94013164],\n",
            "       [ 0.72191111,  1.        ,  0.75500237, ...,  0.5118613 ,\n",
            "         0.52936746,  0.85134086],\n",
            "       [ 0.67501888,  0.75500237,  1.        , ...,  0.61916045,\n",
            "         0.33137815,  0.70360944],\n",
            "       ...,\n",
            "       [ 0.39107018,  0.5118613 ,  0.61916045, ...,  1.        ,\n",
            "        -0.15858355,  0.32194608],\n",
            "       [ 0.09529164,  0.52936746,  0.33137815, ..., -0.15858355,\n",
            "         1.        ,  0.41416047],\n",
            "       [ 0.94013164,  0.85134086,  0.70360944, ...,  0.32194608,\n",
            "         0.41416047,  1.        ]]), array([[ 1.        ,  0.72191111,  0.67501888, ...,  0.39107018,\n",
            "         0.09529164,  0.94013164],\n",
            "       [ 0.72191111,  1.        ,  0.75500237, ...,  0.5118613 ,\n",
            "         0.52936746,  0.85134086],\n",
            "       [ 0.67501888,  0.75500237,  1.        , ...,  0.61916045,\n",
            "         0.33137815,  0.70360944],\n",
            "       ...,\n",
            "       [ 0.39107018,  0.5118613 ,  0.61916045, ...,  1.        ,\n",
            "        -0.15858355,  0.32194608],\n",
            "       [ 0.09529164,  0.52936746,  0.33137815, ..., -0.15858355,\n",
            "         1.        ,  0.41416047],\n",
            "       [ 0.94013164,  0.85134086,  0.70360944, ...,  0.32194608,\n",
            "         0.41416047,  1.        ]]), array([[ 1.        ,  0.72191111,  0.67501888, ...,  0.39107018,\n",
            "         0.09529164,  0.94013164],\n",
            "       [ 0.72191111,  1.        ,  0.75500237, ...,  0.5118613 ,\n",
            "         0.52936746,  0.85134086],\n",
            "       [ 0.67501888,  0.75500237,  1.        , ...,  0.61916045,\n",
            "         0.33137815,  0.70360944],\n",
            "       ...,\n",
            "       [ 0.39107018,  0.5118613 ,  0.61916045, ...,  1.        ,\n",
            "        -0.15858355,  0.32194608],\n",
            "       [ 0.09529164,  0.52936746,  0.33137815, ..., -0.15858355,\n",
            "         1.        ,  0.41416047],\n",
            "       [ 0.94013164,  0.85134086,  0.70360944, ...,  0.32194608,\n",
            "         0.41416047,  1.        ]]), array([[ 1.        ,  0.72191111,  0.67501888, ...,  0.39107018,\n",
            "         0.09529164,  0.94013164],\n",
            "       [ 0.72191111,  1.        ,  0.75500237, ...,  0.5118613 ,\n",
            "         0.52936746,  0.85134086],\n",
            "       [ 0.67501888,  0.75500237,  1.        , ...,  0.61916045,\n",
            "         0.33137815,  0.70360944],\n",
            "       ...,\n",
